CIRUELO_1
CIRUELO
6
281234567830
361234567860
251234567830
751234567880
121234567820
361234567810
DURAN_2
DURAN
4
281234567830
361234567860
251234567830
751234567880
PERICHAN_4
PERICHAN
5
281234567830
361234567860
251234567830
751234567880
121234567820
ALIMER_2
ALIMER
8
281234567830
361234567860
251234567830
751234567880
121234567820
361234567810
981234567880
691234567810
ZANAHORIA_3
ZANAHORIA
3
281234567830
361234567860
251234567830
MANZANAS_8
MANZANAS
7
281234567830
361234567860
251234567830
751234567880
121234567820
361234567810
981234567880
LECHUGA_1
LECHUGA
4
281234567830
361234567860
251234567830
751234567880
VERDE_2
VERDE
4
281234567830
361234567860
251234567830
751234567880
TRIGO_3
TRIGO
5
281234567830
361234567860
251234567830
751234567880
121234567820
TOMATES_7
TOMATES
4
281234567830
361234567860
251234567830
751234567880
PAPAS_9
PAPAS
3
281234567830
361234567860
251234567830
CAMPESINA_5
CAMPESINA
4
281234567830
361234567860
251234567830
751234567880
CEBOLLA_2
CEBOLLA
5
281234567830
361234567860
251234567830
751234567880
121234567820
FRESA_3
FRESA
4
281234567830
361234567860
251234567830
751234567880
VERDE_4
VERDE
3
281234567830
361234567860
251234567830
ACELES_1
ACELES
4
281234567830
361234567860
251234567830
751234567880
RUS_8
RUS
3
281234567830
361234567860
251234567830
MANZANA_2
MANZANA SEGUNDA PARTE
5
281234567830
361234567860
251234567830
751234567880
121234567820
MANZANA_3
MANZANA TERCERA PARTE
5
281234567830
361234567860
251234567830
751234567880
121234567820
MANZANA_4
MANZANA CUARTA PARTE
4
281234567830
361234567860
251234567830
751234567880